21122112233224424004
3,1,D,8
21122112233220424404
4,3,L,10
21122112233220424440
2,3,D,5
21122112233020424442
2,1,R,2
21122112203320424442
2,0,R,6
21122112023302424442
4,0,U,7
21122112023342420442
4,1,L,8
21122112023342424042
2,1,D,6
21122112003342424242
2,2,L,2
21122112033042424242
2,1,L,2
21122112330042424242
3,2,U,9
21122112334042024242
2,2,R,9
21122112330442024242
4,2,U,10
21122112330442424202
3,2,U,10
21122112334442024202
3,1,R,6
21122112334440224022
3,0,R,7
21122112334404224022
3,1,D,7
21122112334400224422
2,0,D,2
21122112004433224422
2,2,L,10
21122112040433224422
2,1,L,10
21122112400433224422
2,3,L,9
21122112404033224422
2,2,L,9
21122112440033224422
3,2,U,6
21122112442033224402
3,3,U,5
21122112442233224400
4,1,R,7
21122112442233224040
4,2,R,7
21122112442233224004
4,0,R,8
21122112442233220404
4,1,R,8
21122112442233220044
3,0,D,2
21122112442200223344
2,1,D,9
21122112402204223344
3,1,L,9
21122112402240223344
2,2,L,6
21122112420242023344
2,3,L,5
21122112422042203344
0,3,D,4
21102112422242203344
1,3,D,4
21102110422242223344
0,1,R,1
20112011422242223344
0,0,R,3
02110211422242223344
2,0,U,10
02114211022242223344
1,0,U,10
42110211022242223344
3,0,U,9
42110211422202223344
2,0,U,9
42114211022202223344
2,1,L,6
42114211202220223344
0,1,D,3
40114211222220223344
1,1,D,3
40114011222222223344
0,2,L,1
41104110222222223344
2,3,U,4
41104112222222203344
1,3,U,4
41124112222022203344
2,2,R,5
41124112220222023344
4,2,U,8
41124112220222423304
3,2,U,8
41124112224222023304
4,3,L,7
41124112224222023340
4,2,U,7
41124112224222423300
4,0,R,2
41124112224222420330
4,1,R,2
41124112224222420033
2,0,D,6
41124112024222422033
2,1,D,3
41124112004222422233
2,2,L,8
41124112040222422233
2,1,L,8
41124112400222422233
0,1,D,1
40024112411222422233
0,0,R,10
04024112411222422233
0,1,R,10
00424112411222422233
1,0,U,9
40420112411222422233
0,0,R,9
04420112411222422233
2,0,U,8
04424112011222422233
1,0,U,8
44420112011222422233
3,0,U,6
44420112211222420233
2,0,U,6
44422112211202420233
3,1,L,3
44422112211220422033
3,2,L,7
44422112211224022033
3,1,D,7
44422112211220022433
1,1,D,1
44422002211221122433
0,2,D,10
44022042211221122433
1,2,L,10
44022402211221122433
0,3,L,4
44202420211221122433
2,3,U,5
44202422211221102433
1,3,U,5
44222422211021102433
2,1,R,1
44222422201120112433
1,1,D,10
44222022241120112433
0,1,D,9
40222422241120112433
0,0,R,8
04222422241120112433
1,0,U,6
24222422041120112433
3,0,U,3
24222422241120110433
4,1,L,7
24222422241120114033
2,1,D,10
24222422201124114033
3,1,D,10
24222422201120114433
2,2,L,1
24222422211021104433
0,3,D,5
24202422211221104433
1,3,D,5
24202420211221124433
0,2,R,4
24022402211221124433
1,1,R,9
24022042211221124433
0,1,R,8
20422042211221124433
0,0,R,6
02420242211221124433
2,0,U,3
02422242211201124433
1,0,U,3
22422242011201124433
2,1,L,1
22422242110211024433
1,2,D,9
22422202114211024433
2,2,D,9
22422202110211424433
0,2,D,8
22022242110211424433
1,2,D,8
22022202114211424433
0,3,L,4
22202220114211424433
2,3,U,5
22202222114211404433
1,3,U,5
22222222114011404433
3,2,R,9
22222222114011044433
3,3,U,9
22222222114411004433
4,2,U,2
22222222114411334400
4,1,R,10
22222222114411334040
4,2,R,10
22222222114411334004
4,0,R,7
22222222114411330404
4,1,R,7
22222222114411330044
2,0,D,1
22222222004411331144
2,2,L,8
22222222040411331144
2,1,L,8
22222222400411331144
2,3,L,9
22222222404011331144
2,2,L,9
22222222440011331144
3,2,U,2
22222222443311001144
4,2,U,7
22222222443311401104
3,2,R,7
22222222443311041104
3,0,R,1
21122112433424422002
3,1,D,8
21122112433420422402
4,1,R,8
21122112433420422042
3,0,R,6
21122112433402420242
2,0,D,7
21122112033442420242
3,0,D,7
21122112033402424242
0,0,D,3
01122112233402424242
1,0,D,3
01120112233422424242
0,1,L,1
11021102233422424242
0,3,L,4
11201120233422424242
2,3,U,10
11201124233022424242
1,3,U,10
11241120233022424242
3,3,U,5
11241120233222424240
2,3,U,5
11241122233222404240
4,2,R,8
11241122233222404204
3,2,R,9
11241122233222044204
3,1,R,6
11241122233220244024
4,0,R,7
11241122233220240424
4,1,U,7
11241122233224240024
2,0,D,3
11241122033224242024
2,1,L,2
11241122330224242024
3,2,U,6
11241122332224242004
4,3,L,8
11241122332224242040
4,2,L,8
11241122332224242400
2,2,D,6
11241122330224242420
0,2,D,4
11041122332224242420
0,3,L,10
11401122332224242420
1,3,U,5
11421122332024242420
3,3,U,9
11421122332424202420
3,2,R,6
11421122332424022402
1,2,D,4
11421102332424222402
2,2,D,4
11421102330424222422
2,3,L,9
11421102334024222422
2,2,U,9
11421142330024222422
2,0,R,2
11421142033024222422
2,1,R,2
11421142003324222422
3,1,U,7
11421142043320222422
2,1,L,7
11421142403320222422
4,1,U,8
11421142403324222022
3,1,U,8
11421142443320222022
3,0,R,3
11421142443302220222
2,0,D,7
11421142043342220222
3,0,D,7
11421142043302224222
2,1,L,8
11421142403302224222
2,0,D,8
11421142003342224222
2,2,L,2
11421142033042224222
2,1,L,2
11421142330042224222
0,3,D,5
11401142330242224222
0,2,R,10
11041142330242224222
1,2,U,9
11441102330242224222
3,2,U,4
11441102332242224202
2,2,U,4
11441122332242024202
3,1,R,3
11441122332240224022
3,0,R,8
11441122332204224022
3,1,D,8
11441122332200224422
2,0,D,2
11441122002233224422
0,0,D,1
00441122112233224422
0,2,L,9
04041122112233224422
0,1,L,9
40041122112233224422
0,3,L,10
40401122112233224422
0,2,L,10
44001122112233224422
1,2,U,4
44201122110233224422
3,2,U,3
44201122112233224402
1,3,U,5
44221122112033224402
3,3,U,6
44221122112233224400
4,1,R,8
44221122112233224040
4,2,R,8
44221122112233224004
4,0,R,7
44221122112233220404
4,1,R,7
44221122112233220044
3,0,D,2
44221122112200223344
1,0,D,1
44220022112211223344
0,1,D,10
40220422112211223344
1,1,L,10
40224022112211223344
0,2,L,4
42024202112211223344
2,2,U,3
42024222112211023344
1,2,U,3
42224222110211023344
2,0,R,1
42224222011201123344
1,0,D,10
42220222411201123344
2,0,D,10
42220222011241123344
0,0,D,9
02224222011241123344
1,0,D,9
02220222411241123344
0,1,L,4
20222022411241123344
0,2,L,3
22022202411241123344
0,3,L,5
22202220411241123344
2,3,U,6
22202222411241103344
1,3,U,6
22222222411041103344
2,1,R,1
22222222401140113344
3,0,R,10
22222222401104113344
3,1,U,10
22222222441100113344
4,0,U,2
22222222441133110044
4,2,L,7
22222222441133110404
4,1,L,7
22222222441133114004
4,3,L,8
22222222441133114040
4,2,L,8
22222222441133114400
2,2,D,1
22222222440033114411
2,1,R,10
22222222404033114411
2,2,R,10
22222222400433114411
2,0,R,9
22222222040433114411
2,1,R,9
22222222004433114411
3,0,U,2
22222222334400114411
4,1,U,8
22222222334404114011
3,1,L,8
22222222334440114011
3,2,L,1

01102112222242243344
1,3,U,4
01122112222042243344
3,3,U,8
01122112222442203344
4,3,U,10
01122112222442243340
4,2,R,9
01122112222442243304
4,0,R,2
01122112222442240334
3,0,D,7
01122112222402244334
1,0,D,3
01120112222422244334
0,1,L,1
11021102222422244334
2,2,U,6
11021122222422044334
1,2,U,6
11221122220422044334
3,3,L,10
11221122220422404334
4,3,U,9
11221122220422444330
4,1,R,2
11221122220422444033
2,1,D,5
11221122200422444233
3,2,U,10
11221122204422044233
2,2,L,10
11221122240422044233
0,2,D,6
11021122242422044233
1,2,D,6
11021102242422244233
0,3,L,4
11201120242422244233
2,3,U,8
11201124242022244233
1,3,U,8
11241120242022244233
3,3,U,9
11241120242422204233
2,3,U,9
11241124242022204233
2,2,R,6
11241124240222024233
0,2,D,4
11041124242222024233
1,2,D,4
11041104242222224233
0,0,R,1
01140114242222224233
2,0,U,3
01142114242202224233
1,0,U,3
21142114042202224233
4,0,U,7
21142114042242220233
3,0,U,7
21142114442202220233
3,1,L,5
21142114442220222033
2,1,D,10
21142114402224222033
3,1,D,10
21142114402220222433
2,0,R,7
21142114042220222433
4,1,U,10
21142114042224222033
3,0,U,5
21142114242224220033
4,2,L,2
21142114242224220330
4,1,L,2
21142114242224223300
2,2,D,4
21142114240224223320
2,3,D,6
21142114240024223322
2,1,R,7
21142114204024223322
2,2,R,7
21142114200424223322
0,1,D,1
20042114211424223322
0,3,L,8
20402114211424223322
0,2,L,8
24002114211424223322
1,3,U,9
24042110211424223322
0,3,L,9
24402110211424223322
2,3,U,7
24402114211024223322
1,3,U,7
24442110211024223322
3,3,U,6
24442110211224223320
2,3,U,6
24442112211224203320
3,2,R,4
24442112211224023302
3,1,R,10
24442112211220423302
3,2,D,10
24442112211220023342
1,1,D,1
24442002211221123342
0,1,D,8
20442402211221123342
1,1,R,8
20442042211221123342
0,0,R,3
02440242211221123342
2,0,U,5
02442242211201123342
1,0,U,5
22442242011201123342
2,1,L,1
22442242110211023342
1,2,D,8
22442202114211023342
0,2,D,9
22042242114211023342
0,3,L,7
22402242114211023342
1,3,U,6
22422242114011023342
3,3,U,4
22422242114211023340
4,2,R,10
22422242114211023304
2,2,D,8
22422242110211423304
3,2,D,8
22422242110211023344
2,0,R,1
22422242011201123344
0,0,D,5
02422242211201123344
1,0,D,5
02420242211221123344
0,1,L,3
20422042211221123344
1,2,L,9
20422402211221123344
0,2,L,7
24022402211221123344
0,3,L,6
24202420211221123344
2,3,U,4
24202422211221103344
1,3,U,4
24222422211021103344
2,1,R,1
24222422201120113344
1,1,D,9
24222022241120113344
2,1,D,9
24222022201124113344
0,1,D,7
20222422201124113344
1,1,D,7
20222022241124113344
0,0,R,3
02220222241124113344
2,0,U,5
02222222241104113344
1,0,U,5
22222222041104113344
3,1,L,9
22222222041140113344
3,0,U,9
22222222441100113344
4,0,U,2
22222222441133110044
4,2,L,8
22222222441133110404
4,1,L,8
22222222441133114004
4,3,L,10
22222222441133114040
4,2,L,10
22222222441133114400
2,2,D,1
22222222440033114411
2,1,R,7
22222222404033114411
2,2,R,7
22222222400433114411
2,0,R,9
22222222040433114411
2,1,R,9
22222222004433114411
3,0,U,2
22222222334400114411
4,1,U,10
22222222334404114011
3,1,L,10
22222222334440114011
3,2,L,1